481.151576 515.768978
524.619855 531.415488
386.120030 628.231952
432.775001 625.192368
444.312863 547.026176
457.169638 440.529273
427.557527 721.740141
503.316791 478.554385
341.206550 607.571201
488.754752 737.483798
494.560931 753.355286
363.142430 686.163641
496.403141 679.612851
529.418697 556.388264
561.654028 653.230338
530.313874 591.248545
490.580688 475.237396
449.546872 722.575848
415.980797 664.812305
466.276501 530.078524
550.582184 626.531003
430.248046 641.144713
521.833614 673.912946
375.260631 557.792125
411.030455 537.322517
538.839601 786.983829
408.230009 641.038579
445.902754 674.464771
365.288604 638.809189
345.517635 598.112146
544.542463 627.364563
447.051231 569.411816
492.998657 518.116494
449.452814 645.527501
392.880807 645.306181
424.012288 750.404824
558.347158 697.883913
553.048292 629.760593
401.565557 622.078054
586.256898 668.823591
449.457994 681.566853
394.642011 647.135479
488.510712 772.108155
547.169765 576.632589
485.552432 759.938457
383.069215 737.253653
490.636991 607.389628
503.576614 557.732355
539.966705 706.633880
457.577146 528.891004
439.304859 714.007561
426.739725 604.415779
418.716601 704.589314
398.286348 601.875303
436.473718 582.758340
513.294548 686.716966
403.636684 687.037554
360.474117 616.329254
429.512373 691.510067
386.913603 592.384163
572.920393 660.094373
437.201575 653.443998
506.842696 642.703607
629.528573 678.668105
416.374927 580.262111
359.647134 533.959320
545.108671 647.227683
541.430438 703.270352
391.368421 757.966992
431.279575 749.236456
496.122357 675.571841
672.928875 581.568524
371.226805 576.850193
465.361275 532.406689
462.895638 665.636898
561.683330 624.918420
448.540862 700.981061
497.828898 693.005454
506.907355 575.332929
408.456580 755.326815
432.677496 557.975960
433.180367 592.250940
581.699014 681.300923
606.197096 585.589710
584.415637 725.925259
564.425201 629.411921
414.938385 778.088430
468.918758 484.981743
550.732346 542.062270
402.717567 645.140882
418.415350 718.488975
521.884993 500.312686
543.092299 487.890256
361.688806 581.113876
444.000504 518.693530
632.102474 674.779207
488.519248 735.257562
462.159708 733.043318
385.747164 604.112089
394.544667 499.519981
